-1,empty,empty,-1.000000,-1.000000,-1.000000,-1.000000,-1.000000
-1,empty,empty,-1.000000,-1.000000,-1.000000,-1.000000,-1.000000
-1,empty,empty,-1.000000,-1.000000,-1.000000,-1.000000,-1.000000
-1,empty,empty,-1.000000,-1.000000,-1.000000,-1.000000,-1.000000
-1,empty,empty,-1.000000,-1.000000,-1.000000,-1.000000,-1.000000
-1,empty,empty,-1.000000,-1.000000,-1.000000,-1.000000,-1.000000
-1,empty,empty,-1.000000,-1.000000,-1.000000,-1.000000,-1.000000
-1,empty,empty,-1.000000,-1.000000,-1.000000,-1.000000,-1.000000
-1,empty,empty,-1.000000,-1.000000,-1.000000,-1.000000,-1.000000
-1,empty,empty,-1.000000,-1.000000,-1.000000,-1.000000,-1.000000
-1,empty,empty,-1.000000,-1.000000,-1.000000,-1.000000,-1.000000
-1,empty,empty,-1.000000,-1.000000,-1.000000,-1.000000,-1.000000
-1,empty,empty,-1.000000,-1.000000,-1.000000,-1.000000,-1.000000
-1,empty,empty,-1.000000,-1.000000,-1.000000,-1.000000,-1.000000
-1,empty,empty,-1.000000,-1.000000,-1.000000,-1.000000,-1.000000
-1,empty,empty,-1.000000,-1.000000,-1.000000,-1.000000,-1.000000
-1,empty,empty,-1.000000,-1.000000,-1.000000,-1.000000,-1.000000
-1,empty,empty,-1.000000,-1.000000,-1.000000,-1.000000,-1.000000
-1,empty,empty,-1.000000,-1.000000,-1.000000,-1.000000,-1.000000
-1,empty,empty,-1.000000,-1.000000,-1.000000,-1.000000,-1.000000
